{
  "camera_angle_x": 0.5553498137527013,
  "camera_angle_y": 0.9328234035227821,
  "fl_x": 1262.9865986362552,
  "fl_y": 1271.2035093957707,
  "k1": 0.02139476540152104,
  "k2": -0.08416035157929917,
  "k3": 0,
  "k4": 0,
  "p1": -0.008865652124479368,
  "p2": 0.007726417415177387,
  "is_fisheye": false,
  "cx": 366.1521344513311,
  "cy": 605.1305322774812,
  "w": 720.0,
  "h": 1280.0,
  "aabb_scale": 32,
  "frames": [
    {
      "file_path": "images/0012.jpg",
      "sharpness": 333.73402122120314,
      "transform_matrix": [
        [
          0.7785292554363247,
          -0.18945920831683832,
          0.5983288450806512,
          2.462086527910558
        ],
        [
          0.625875491679746,
          0.16357512010542366,
          -0.762576585660777,
          -3.1508015906221183
        ],
        [
          0.04660544350364157,
          0.9681675415486861,
          0.24592589162213954,
          0.9433876118136367
        ],
        [
          0.0,
          0.0,
          0.0,
          1.0
        ]
      ]
    },
    {
      "file_path": "images/0011.jpg",
      "sharpness": 284.70096570500505,
      "transform_matrix": [
        [
          0.8401346358520337,
          -0.1633324434650592,
          0.5172004510780427,
          2.207673018974985
        ],
        [
          0.5414567911681327,
          0.1970184502794446,
          -0.817317731086455,
          -3.2853730155649616
        ],
        [
          0.031596470750443265,
          0.9666986310131569,
          0.2539594847138946,
          0.9535992800019346
        ],
        [
          0.0,
          0.0,
          0.0,
          1.0
        ]
      ]
    },
    {
      "file_path": "images/0008.jpg",
      "sharpness": 244.21440537323662,
      "transform_matrix": [
        [
          0.958500787802811,
          -0.05674328230621725,
          0.2793858259402833,
          1.068785902149688
        ],
        [
          0.2841122820724292,
          0.2712099788757785,
          -0.9196332739384279,
          -3.5332801316443883
        ],
        [
          -0.02358921347017714,
          0.960846162146246,
          0.276076441840717,
          1.0588363186319192
        ],
        [
          0.0,
          0.0,
          0.0,
          1.0
        ]
      ]
    },
    {
      "file_path": "images/0007.jpg",
      "sharpness": 201.63763344630377,
      "transform_matrix": [
        [
          0.9801018745729756,
          -0.01706714819025021,
          0.19776002617571173,
          0.7281011403824257
        ],
        [
          0.19401180167676396,
          0.29292196934617254,
          -0.9362457693818494,
          -3.5210401330754433
        ],
        [
          -0.04194921103680514,
          0.9559840126101624,
          0.2904045994296661,
          1.0798313797864678
        ],
        [
          0.0,
          0.0,
          0.0,
          1.0
        ]
      ]
    },
    {
      "file_path": "images/0006.jpg",
      "sharpness": 166.53204394259978,
      "transform_matrix": [
        [
          0.993078624296446,
          0.019872892201660244,
          0.11575799826727554,
          0.3940544163323201
        ],
        [
          0.10437898068650264,
          0.30255276835625505,
          -0.947400047895148,
          -3.4958785646959756
        ],
        [
          -0.053850481858810945,
          0.9529254380875488,
          0.29838437474500895,
          1.1052733007250695
        ],
        [
          0.0,
          0.0,
          0.0,
          1.0
        ]
      ]
    },
    {
      "file_path": "images/0002.jpg",
      "sharpness": 117.64937561628436,
      "transform_matrix": [
        [
          0.9927828495430395,
          0.105572218207113,
          -0.05689218257246703,
          -0.14465581981875936
        ],
        [
          -0.08821036685473449,
          0.3214394112071623,
          -0.9428126198259447,
          -3.0508232511362925
        ],
        [
          -0.08124742996030017,
          0.9410266795918236,
          0.328432098711401,
          1.0980455833702698
        ],
        [
          0.0,
          0.0,
          0.0,
          1.0
        ]
      ]
    },
    {
      "file_path": "images/0010.jpg",
      "sharpness": 138.92522892819505,
      "transform_matrix": [
        [
          0.8814638714384784,
          -0.13622303051549203,
          0.4521777629955861,
          1.9314345377924766
        ],
        [
          0.47185428497229936,
          0.21478699817815447,
          -0.855114073774846,
          -3.3314727427436623
        ],
        [
          0.0193643262093227,
          0.9671141770297605,
          0.2536043996094126,
          0.9328077973491251
        ],
        [
          0.0,
          0.0,
          0.0,
          1.0
        ]
      ]
    },
    {
      "file_path": "images/0001.jpg",
      "sharpness": 244.3105636510955,
      "transform_matrix": [
        [
          0.9921111235309319,
          0.08365587865925121,
          -0.09336601401884888,
          -0.23137012312879718
        ],
        [
          -0.1154510997358254,
          0.31948117229791717,
          -0.9405332658220296,
          -3.1212183574199397
        ],
        [
          -0.04885245314907132,
          0.9438927240693367,
          0.32661898798604305,
          1.2309812333338521
        ],
        [
          0.0,
          0.0,
          0.0,
          1.0
        ]
      ]
    },
    {
      "file_path": "images/0005.jpg",
      "sharpness": 259.74869892153214,
      "transform_matrix": [
        [
          0.9975945465250412,
          0.05239557569885023,
          0.045385288723439915,
          0.19759517115456607
        ],
        [
          0.02654513500560716,
          0.3160676657089142,
          -0.9483652178890619,
          -3.379301917924312
        ],
        [
          -0.06403496382840573,
          0.9472887280965929,
          0.31391653201349,
          1.1179516277783694
        ],
        [
          0.0,
          0.0,
          0.0,
          1.0
        ]
      ]
    },
    {
      "file_path": "images/0003.jpg",
      "sharpness": 83.28120114846763,
      "transform_matrix": [
        [
          0.994241858134836,
          0.100547322186491,
          -0.037058920323478205,
          -0.16604329885432206
        ],
        [
          -0.06638459917687227,
          0.3064456494494574,
          -0.9495705076120159,
          -3.100120545684127
        ],
        [
          -0.08412022686123113,
          0.9465628874898118,
          0.31135588560762323,
          1.1137830275291394
        ],
        [
          0.0,
          0.0,
          0.0,
          1.0
        ]
      ]
    },
    {
      "file_path": "images/0009.jpg",
      "sharpness": 186.3463183563127,
      "transform_matrix": [
        [
          0.9142391459942775,
          -0.1097780001996036,
          0.3900199669833031,
          1.448252053606113
        ],
        [
          0.4051629378768829,
          0.24026748330236303,
          -0.8821080037271157,
          -3.4899510125293065
        ],
        [
          0.003126936704478273,
          0.9644793036557953,
          0.2641399158196672,
          1.0073786031984358
        ],
        [
          0.0,
          0.0,
          0.0,
          1.0
        ]
      ]
    },
    {
      "file_path": "images/0004.jpg",
      "sharpness": 90.40998585762689,
      "transform_matrix": [
        [
          0.9973226116232,
          0.07261593675991346,
          -0.008633314275897948,
          0.07114720884143863
        ],
        [
          -0.030876563686289844,
          0.31113587509144575,
          -0.9498637297249125,
          -3.2711377787640923
        ],
        [
          -0.06628911073606873,
          0.9475871426934671,
          0.3125449741118777,
          1.1044187841601838
        ],
        [
          0.0,
          0.0,
          0.0,
          1.0
        ]
      ]
    },
    {
      "file_path": "images/0013.jpg",
      "sharpness": 340.0127994007957,
      "transform_matrix": [
        [
          0.6830674108162607,
          -0.21834475297607592,
          0.6969537152282163,
          2.91527772405106
        ],
        [
          0.7274730799190735,
          0.11870740714979129,
          -0.6757895156642686,
          -2.8242351694328174
        ],
        [
          0.06482152642338125,
          0.9686248604996777,
          0.2399250911781949,
          0.941437657638472
        ],
        [
          0.0,
          0.0,
          0.0,
          1.0
        ]
      ]
    },
    {
      "file_path": "images/0014.jpg",
      "sharpness": 286.8785796419203,
      "transform_matrix": [
        [
          0.5706583346852907,
          -0.24337142046293844,
          0.7842954907417801,
          3.2705529351964726
        ],
        [
          0.8161769696112161,
          0.06274641361186789,
          -0.5743849248161165,
          -2.397907429710216
        ],
        [
          0.09057714578898979,
          0.9679014615772685,
          0.2344409123426413,
          0.9346317296581192
        ],
        [
          0.0,
          0.0,
          0.0,
          1.0
        ]
      ]
    },
    {
      "file_path": "images/0015.jpg",
      "sharpness": 366.4626104943124,
      "transform_matrix": [
        [
          0.4892590765405694,
          -0.25542071420977924,
          0.8338979642720459,
          3.544919458253319
        ],
        [
          0.8659100971566864,
          0.028197316308943638,
          -0.49940426008994654,
          -2.0452103908730055
        ],
        [
          0.10404450812361743,
          0.9664187343736037,
          0.23496716839545626,
          0.9971592496671765
        ],
        [
          0.0,
          0.0,
          0.0,
          1.0
        ]
      ]
    },
    {
      "file_path": "images/0016.jpg",
      "sharpness": 436.4998894128682,
      "transform_matrix": [
        [
          0.38915200506113834,
          -0.2661965267038248,
          0.881873078265542,
          3.653799574458595
        ],
        [
          0.9132775021448172,
          -0.013586654328679407,
          -0.4071112954723703,
          -1.748707547334242
        ],
        [
          0.12035331751280187,
          0.9638230190432256,
          0.23782402521361715,
          1.0047545736867125
        ],
        [
          0.0,
          0.0,
          0.0,
          1.0
        ]
      ]
    },
    {
      "file_path": "images/0018.jpg",
      "sharpness": 225.83604853387408,
      "transform_matrix": [
        [
          0.16420031782148134,
          -0.2613075915061724,
          0.951186941820794,
          3.868208467627996
        ],
        [
          0.9760795497085828,
          -0.09626147380606367,
          -0.19494214860386253,
          -0.8321210161372379
        ],
        [
          0.14250252021946586,
          0.9604436846186812,
          0.23925083165985914,
          1.1199186336080458
        ],
        [
          0.0,
          0.0,
          0.0,
          1.0
        ]
      ]
    },
    {
      "file_path": "images/0017.jpg",
      "sharpness": 170.89948893223396,
      "transform_matrix": [
        [
          0.28609364960198136,
          -0.26434132031205176,
          0.9210179640348645,
          3.7811596757551738
        ],
        [
          0.9494910380324861,
          -0.0511024477547195,
          -0.30960508479413523,
          -1.3559658864197213
        ],
        [
          0.12890768927805624,
          0.9630743513621156,
          0.23636962883622564,
          1.0569997219195009
        ],
        [
          0.0,
          0.0,
          0.0,
          1.0
        ]
      ]
    },
    {
      "file_path": "images/0027.jpg",
      "sharpness": 139.9545508370282,
      "transform_matrix": [
        [
          -0.5123605636528389,
          -0.1741297382338236,
          0.8409313212847958,
          3.593089955266334
        ],
        [
          0.8271199146880972,
          -0.36345792947555144,
          0.4286851761241752,
          1.9900676043111596
        ],
        [
          0.23099631936208845,
          0.915192421188228,
          0.3302476838428083,
          1.5584918706453041
        ],
        [
          0.0,
          0.0,
          0.0,
          1.0
        ]
      ]
    },
    {
      "file_path": "images/0020.jpg",
      "sharpness": 215.6357872751447,
      "transform_matrix": [
        [
          0.07313276032344977,
          -0.254054623635572,
          0.9644209908637865,
          4.0349083689257945
        ],
        [
          0.9855160851066084,
          -0.12994282298020812,
          -0.10896287786670238,
          -0.43504064863816105
        ],
        [
          0.15300210902088376,
          0.9584211553418938,
          0.24087184075979784,
          1.1563106604478037
        ],
        [
          0.0,
          0.0,
          0.0,
          1.0
        ]
      ]
    },
    {
      "file_path": "images/0023.jpg",
      "sharpness": 427.03245743813216,
      "transform_matrix": [
        [
          -0.0800502703013172,
          -0.24456399773737833,
          0.9663231370909136,
          4.001061643888732
        ],
        [
          0.982059241783055,
          -0.18540271193754906,
          0.03443080068207374,
          0.0857871525316645
        ],
        [
          0.1707383959645486,
          0.9517427622302164,
          0.25501787139060067,
          1.2920938299681821
        ],
        [
          0.0,
          0.0,
          0.0,
          1.0
        ]
      ]
    },
    {
      "file_path": "images/0019.jpg",
      "sharpness": 360.95915530307786,
      "transform_matrix": [
        [
          0.0608072839458085,
          -0.25698973287323396,
          0.9644992231509079,
          3.927950507020773
        ],
        [
          0.9861100204305605,
          -0.13416148416044554,
          -0.09791692282349239,
          -0.45022096028450714
        ],
        [
          0.15456229108970093,
          0.9570564107758293,
          0.24526215527213374,
          1.1558884684241155
        ],
        [
          0.0,
          0.0,
          0.0,
          1.0
        ]
      ]
    },
    {
      "file_path": "images/0021.jpg",
      "sharpness": 235.49211443477208,
      "transform_matrix": [
        [
          0.09786781625315422,
          -0.2596112841146423,
          0.9607413136448397,
          4.0385063150050975
        ],
        [
          0.9853205465399715,
          -0.11040758199342243,
          -0.13020593844158201,
          -0.4587913943885496
        ],
        [
          0.13987605623888222,
          0.9593811271025339,
          0.2449949834042959,
          1.1924921266617297
        ],
        [
          0.0,
          0.0,
          0.0,
          1.0
        ]
      ]
    },
    {
      "file_path": "images/0025.jpg",
      "sharpness": 175.75626410152177,
      "transform_matrix": [
        [
          -0.24357469577957144,
          -0.2322111248319857,
          0.9416737020443864,
          4.040434247597457
        ],
        [
          0.9501980998617103,
          -0.2517499352706115,
          0.18369959475010672,
          0.6973860668111653
        ],
        [
          0.19440920400760922,
          0.9395211352784062,
          0.2819664834781692,
          1.3643153410906697
        ],
        [
          0.0,
          0.0,
          0.0,
          1.0
        ]
      ]
    },
    {
      "file_path": "images/0022.jpg",
      "sharpness": 228.30503360026677,
      "transform_matrix": [
        [
          0.029741152154779318,
          -0.2504599158046503,
          0.9676700338883398,
          4.044301359961167
        ],
        [
          0.9881610051444392,
          -0.1384057653504977,
          -0.06619419937267967,
          -0.24902654167110433
        ],
        [
          0.15051010524869526,
          0.9581824850905619,
          0.24337837522352715,
          1.2570199174416714
        ],
        [
          0.0,
          0.0,
          0.0,
          1.0
        ]
      ]
    },
    {
      "file_path": "images/0028.jpg",
      "sharpness": 226.7906834776655,
      "transform_matrix": [
        [
          -0.6275827492250344,
          -0.13446535988197045,
          0.7668500243912016,
          3.1475424413797946
        ],
        [
          0.743871058296771,
          -0.3942580123574038,
          0.5396447612284833,
          2.506981912023007
        ],
        [
          0.22977323936569372,
          0.9091092820554467,
          0.34745441685891454,
          1.6870431395544636
        ],
        [
          0.0,
          0.0,
          0.0,
          1.0
        ]
      ]
    },
    {
      "file_path": "images/0026.jpg",
      "sharpness": 273.05796197281825,
      "transform_matrix": [
        [
          -0.3981334812209626,
          -0.20414604634244876,
          0.8943232765255813,
          3.919732077909687
        ],
        [
          0.8903884462115378,
          -0.32053228292737823,
          0.3232142794730486,
          1.3302062110335489
        ],
        [
          0.22067656422399126,
          0.9249775388633537,
          0.3093839146486613,
          1.4472459761556897
        ],
        [
          0.0,
          0.0,
          0.0,
          1.0
        ]
      ]
    },
    {
      "file_path": "images/0024.jpg",
      "sharpness": 191.52445754295513,
      "transform_matrix": [
        [
          -0.15639205425240826,
          -0.23936905273230819,
          0.9582504797820746,
          4.042650353764027
        ],
        [
          0.9705253642783913,
          -0.21735604071245498,
          0.10410028270382617,
          0.5020018548428541
        ],
        [
          0.18336314423626177,
          0.9462868530207494,
          0.2663064948111878,
          1.303919367914667
        ],
        [
          0.0,
          0.0,
          0.0,
          1.0
        ]
      ]
    },
    {
      "file_path": "images/0029.jpg",
      "sharpness": 139.76400774844015,
      "transform_matrix": [
        [
          -0.7834042429951635,
          -0.06486178105966546,
          0.6181187114598372,
          2.462327164937378
        ],
        [
          0.5779940003932078,
          -0.44163591448638134,
          0.686207442794196,
          2.805868831892311
        ],
        [
          0.22847478548067876,
          0.8948467290144004,
          0.3834691695749849,
          1.7445534036364825
        ],
        [
          0.0,
          0.0,
          0.0,
          1.0
        ]
      ]
    },
    {
      "file_path": "images/0037.jpg",
      "sharpness": 41.928606711757325,
      "transform_matrix": [
        [
          -0.7909909774227288,
          0.3878215937934542,
          -0.4732099798875411,
          -1.939343309888413
        ],
        [
          -0.6021829811578749,
          -0.3566946350715197,
          0.7142440720901538,
          2.8223708992310366
        ],
        [
          0.10820781330734273,
          0.849919613103319,
          0.515681801544606,
          2.2310262128222487
        ],
        [
          0.0,
          0.0,
          0.0,
          1.0
        ]
      ]
    },
    {
      "file_path": "images/0032.jpg",
      "sharpness": 86.24746958866353,
      "transform_matrix": [
        [
          -0.9676287757481107,
          0.12335787380909244,
          0.2201758101048771,
          0.7972228841203295
        ],
        [
          0.13325655142492907,
          -0.49115830988289705,
          0.8608171734672968,
          3.5465371424820846
        ],
        [
          0.2143297550254876,
          0.862291336866876,
          0.45882066923558795,
          2.0491320476058674
        ],
        [
          0.0,
          0.0,
          0.0,
          1.0
        ]
      ]
    },
    {
      "file_path": "images/0031.jpg",
      "sharpness": 137.7047417519464,
      "transform_matrix": [
        [
          -0.9438413442473174,
          0.07258457525794837,
          0.3223274675944747,
          1.2250466293596307
        ],
        [
          0.24824948621106696,
          -0.48797335914624085,
          0.8368119223340393,
          3.447521853542675
        ],
        [
          0.21802685506058048,
          0.8698353178799841,
          0.4425503477388328,
          1.999226207068335
        ],
        [
          0.0,
          0.0,
          0.0,
          1.0
        ]
      ]
    },
    {
      "file_path": "images/0030.jpg",
      "sharpness": 107.03209304145415,
      "transform_matrix": [
        [
          -0.8711238301732888,
          -0.007793325652308743,
          0.49100156478500434,
          1.847575624007044
        ],
        [
          0.43651933407786553,
          -0.47028136618854954,
          0.7669982448434698,
          3.2238958095335284
        ],
        [
          0.2249314195909931,
          0.8824821248753738,
          0.4130752422972942,
          1.9132177905566063
        ],
        [
          0.0,
          0.0,
          0.0,
          1.0
        ]
      ]
    },
    {
      "file_path": "images/0038.jpg",
      "sharpness": 62.85665244834689,
      "transform_matrix": [
        [
          -0.6464983340208357,
          0.41779279158172505,
          -0.6383487193160652,
          -2.704824218897796
        ],
        [
          -0.7607521844223728,
          -0.29007072495085384,
          0.58061612828442,
          2.1802017688690265
        ],
        [
          0.057410957289860495,
          0.8609925422844258,
          0.5053670192606614,
          2.1552803799568534
        ],
        [
          0.0,
          0.0,
          0.0,
          1.0
        ]
      ]
    },
    {
      "file_path": "images/0044.jpg",
      "sharpness": 21.80215593190959,
      "transform_matrix": [
        [
          0.2963105929687145,
          0.33810157759248427,
          -0.8932454062383024,
          -3.3419475309710793
        ],
        [
          -0.9541714267038744,
          0.0637479450466703,
          -0.29239201077515004,
          -0.784666665583184
        ],
        [
          -0.04191564104844686,
          0.9389480937591818,
          0.34149605605956707,
          1.2638668850372288
        ],
        [
          0.0,
          0.0,
          0.0,
          1.0
        ]
      ]
    },
    {
      "file_path": "images/0036.jpg",
      "sharpness": 70.2927918836511,
      "transform_matrix": [
        [
          -0.8708473585221627,
          0.3436787612113735,
          -0.3514395926599823,
          -1.4059690419360638
        ],
        [
          -0.4751151835854492,
          -0.4051591397807758,
          0.7810964305254386,
          3.102674944912282
        ],
        [
          0.12605729058258378,
          0.8471900498600118,
          0.5161187643865619,
          2.216465879754553
        ],
        [
          0.0,
          0.0,
          0.0,
          1.0
        ]
      ]
    },
    {
      "file_path": "images/0040.jpg",
      "sharpness": 61.69818141937255,
      "transform_matrix": [
        [
          -0.28851880535486696,
          0.46035827053007294,
          -0.8395398512000408,
          -3.3075616058694934
        ],
        [
          -0.9574285241930673,
          -0.1472818623819153,
          0.24827137184080392,
          1.2197151086596838
        ],
        [
          -0.009355213465816924,
          0.8754303603430459,
          0.48325372653855103,
          2.0048810697082184
        ],
        [
          0.0,
          0.0,
          0.0,
          1.0
        ]
      ]
    },
    {
      "file_path": "images/0039.jpg",
      "sharpness": 92.0469585499222,
      "transform_matrix": [
        [
          -0.4552494878407813,
          0.45405716585434286,
          -0.7658851049595198,
          -3.0470955235297574
        ],
        [
          -0.8901596081401918,
          -0.2136828173912547,
          0.4024369833754733,
          1.7420475123689827
        ],
        [
          0.019072909080691692,
          0.8649692154810497,
          0.501462342007892,
          2.087106848319814
        ],
        [
          0.0,
          0.0,
          0.0,
          1.0
        ]
      ]
    },
    {
      "file_path": "images/0033.jpg",
      "sharpness": 161.21091191425916,
      "transform_matrix": [
        [
          -0.9704812522980687,
          0.1328930945086284,
          0.20125994239221956,
          0.6931029366089199
        ],
        [
          0.1109412550238412,
          -0.4949741169219476,
          0.8617961832776867,
          3.565662698919132
        ],
        [
          0.21414522388884794,
          0.8586850697680446,
          0.46561977415675343,
          2.064678204335311
        ],
        [
          0.0,
          0.0,
          0.0,
          1.0
        ]
      ]
    },
    {
      "file_path": "images/0035.jpg",
      "sharpness": 101.22332682274714,
      "transform_matrix": [
        [
          -0.9515386887468786,
          0.2730378021282784,
          -0.14150788836194297,
          -0.6873840877946275
        ],
        [
          -0.2588460751592618,
          -0.4626243076010511,
          0.8479253855099567,
          3.2734653180082813
        ],
        [
          0.16605069475488113,
          0.8434625709899003,
          0.5108796904881532,
          2.181777078544944
        ],
        [
          0.0,
          0.0,
          0.0,
          1.0
        ]
      ]
    },
    {
      "file_path": "images/0034.jpg",
      "sharpness": 115.29253981809143,
      "transform_matrix": [
        [
          -0.9785798587373541,
          0.19779379518395543,
          0.05708830617678839,
          0.08239405516047463
        ],
        [
          -0.04742050287463333,
          -0.48641939062096506,
          0.872437661002757,
          3.429606977455538
        ],
        [
          0.2003316151332449,
          0.851042766874061,
          0.48537969979407924,
          2.0956560883892528
        ],
        [
          0.0,
          0.0,
          0.0,
          1.0
        ]
      ]
    },
    {
      "file_path": "images/0041.jpg",
      "sharpness": 118.39063360814225,
      "transform_matrix": [
        [
          -0.17087739350419945,
          0.4564519269123665,
          -0.8731852923916121,
          -3.410245463762679
        ],
        [
          -0.9849790487142587,
          -0.10148170617781138,
          0.13970589431412397,
          0.5864017828899197
        ],
        [
          -0.024843308620574548,
          0.8839417977287429,
          0.46693651419395676,
          1.925280855900273
        ],
        [
          0.0,
          0.0,
          0.0,
          1.0
        ]
      ]
    },
    {
      "file_path": "images/0043.jpg",
      "sharpness": 102.12772081125046,
      "transform_matrix": [
        [
          0.20963562588125648,
          0.41845720682445897,
          -0.8837117575657086,
          -3.4076077119336974
        ],
        [
          -0.9764476297715537,
          0.042436372896407455,
          -0.21154002120125587,
          -0.4569608887020857
        ],
        [
          -0.05101892472646635,
          0.9072445758197489,
          0.4174977233568363,
          1.6317244132468816
        ],
        [
          0.0,
          0.0,
          0.0,
          1.0
        ]
      ]
    },
    {
      "file_path": "images/0046.jpg",
      "sharpness": 132.21842542342083,
      "transform_matrix": [
        [
          0.4292913561947386,
          0.30245056275896176,
          -0.8510185595068394,
          -3.1941464316374164
        ],
        [
          -0.9029828258932499,
          0.12475167819060026,
          -0.4111678914158848,
          -1.6174149718454731
        ],
        [
          -0.01819196667732454,
          0.9449659654807454,
          0.3266624809711037,
          1.0750597235562493
        ],
        [
          0.0,
          0.0,
          0.0,
          1.0
        ]
      ]
    },
    {
      "file_path": "images/0054.jpg",
      "sharpness": 118.34777341507802,
      "transform_matrix": [
        [
          0.991573146203393,
          -0.12764999339158728,
          -0.022094681650994437,
          0.13303322986177651
        ],
        [
          0.01152469401737853,
          0.2567945139218365,
          -0.966397309106544,
          -4.00358046142157
        ],
        [
          0.12903440315592285,
          0.9579989858278298,
          0.25610167121240496,
          0.781232555244321
        ],
        [
          0.0,
          0.0,
          0.0,
          1.0
        ]
      ]
    },
    {
      "file_path": "images/0045.jpg",
      "sharpness": 64.39874476856656,
      "transform_matrix": [
        [
          0.38868320718692023,
          0.3105053901545489,
          -0.867474361106821,
          -3.2110841203643927
        ],
        [
          -0.9211953352192049,
          0.11255453512314555,
          -0.372465610485725,
          -1.4440233600222268
        ],
        [
          -0.018014406257396278,
          0.9438844629242903,
          0.3297841746658871,
          1.1429968885257646
        ],
        [
          0.0,
          0.0,
          0.0,
          1.0
        ]
      ]
    },
    {
      "file_path": "images/0047.jpg",
      "sharpness": 196.6132958673501,
      "transform_matrix": [
        [
          0.45991109571370886,
          0.29930031789476824,
          -0.8360030525000087,
          -3.1993760543346403
        ],
        [
          -0.8877233427323443,
          0.13301499218790208,
          -0.4407428713232689,
          -1.700753307544278
        ],
        [
          -0.020713541999556283,
          0.9448419611780431,
          0.3268709494858857,
          1.0625596579706977
        ],
        [
          0.0,
          0.0,
          0.0,
          1.0
        ]
      ]
    },
    {
      "file_path": "images/0048.jpg",
      "sharpness": 91.63742287232081,
      "transform_matrix": [
        [
          0.5809390849041571,
          0.25856274534508183,
          -0.7717869436523022,
          -3.137234852527076
        ],
        [
          -0.8138972306412371,
          0.17404338778035067,
          -0.5543286003133691,
          -2.1829675738573195
        ],
        [
          -0.009004310402431997,
          0.9501864058859242,
          0.31155210881409384,
          0.969040247654272
        ],
        [
          0.0,
          0.0,
          0.0,
          1.0
        ]
      ]
    },
    {
      "file_path": "images/0050.jpg",
      "sharpness": 72.33962559353742,
      "transform_matrix": [
        [
          0.8373826052685148,
          0.12105863284420114,
          -0.533043318923926,
          -2.3405970291227827
        ],
        [
          -0.5451526765637927,
          0.25629354838077445,
          -0.7981993336846629,
          -3.5049529713072816
        ],
        [
          0.039986643574660356,
          0.9589882296002813,
          0.2806111969727748,
          0.9159412773028675
        ],
        [
          0.0,
          0.0,
          0.0,
          1.0
        ]
      ]
    },
    {
      "file_path": "images/0052.jpg",
      "sharpness": 98.54434008178708,
      "transform_matrix": [
        [
          0.9443156769987534,
          0.02571747450060697,
          -0.32803431790214194,
          -1.2778328737083828
        ],
        [
          -0.3230039837327925,
          0.26254516144893786,
          -0.9092515959256892,
          -3.709207797454609
        ],
        [
          0.06274016822155494,
          0.9645769278522254,
          0.25623235859164334,
          0.849452159530152
        ],
        [
          0.0,
          0.0,
          0.0,
          1.0
        ]
      ]
    },
    {
      "file_path": "images/0042.jpg",
      "sharpness": 115.30391292749925,
      "transform_matrix": [
        [
          0.02216695256752407,
          0.44325549581780976,
          -0.8961211925197414,
          -3.4258248422057713
        ],
        [
          -0.9989445061274597,
          -0.02624912442128687,
          -0.03769425879092217,
          0.07311536215651074
        ],
        [
          -0.04023058404885762,
          0.89601090893867,
          0.4422057792620187,
          1.7662683812530482
        ],
        [
          0.0,
          0.0,
          0.0,
          1.0
        ]
      ]
    },
    {
      "file_path": "images/0055.jpg",
      "sharpness": 249.35189770502032,
      "transform_matrix": [
        [
          0.9833022707156784,
          -0.16335990936987493,
          0.0801884309478869,
          0.611835528089632
        ],
        [
          0.11815690441550394,
          0.23798977008114366,
          -0.9640538445940587,
          -4.111577033951367
        ],
        [
          0.13840372243610968,
          0.9574311512522561,
          0.25331798252463245,
          0.8077154015163527
        ],
        [
          0.0,
          0.0,
          0.0,
          1.0
        ]
      ]
    },
    {
      "file_path": "images/0049.jpg",
      "sharpness": 170.20185054969323,
      "transform_matrix": [
        [
          0.72623278814721,
          0.18895150226451735,
          -0.6609714572156182,
          -2.8521649403870617
        ],
        [
          -0.6871803658402892,
          0.22640339299505263,
          -0.690307647679532,
          -2.942253416931344
        ],
        [
          0.019211513532767722,
          0.9555306554330666,
          0.2942653297929893,
          0.8883450882265681
        ],
        [
          0.0,
          0.0,
          0.0,
          1.0
        ]
      ]
    },
    {
      "file_path": "images/0057.jpg",
      "sharpness": 98.91692046836103,
      "transform_matrix": [
        [
          0.9515751083732089,
          -0.2088124041171315,
          0.22561514366984906,
          0.9744607408369548
        ],
        [
          0.26943410854483485,
          0.21312217529033303,
          -0.9391401383995268,
          -4.035823423316805
        ],
        [
          0.1480205199047416,
          0.9544507940840605,
          0.25906294100503585,
          0.8360080491818374
        ],
        [
          0.0,
          0.0,
          0.0,
          1.0
        ]
      ]
    },
    {
      "file_path": "images/0056.jpg",
      "sharpness": 87.95017469519033,
      "transform_matrix": [
        [
          0.9754352122643335,
          -0.17407708341824502,
          0.13499376187535017,
          0.7764299016875613
        ],
        [
          0.17318492939835878,
          0.227287597228431,
          -0.9583044027741537,
          -4.007230320582552
        ],
        [
          0.13613642768431258,
          0.9581427436534534,
          0.2518518530492259,
          0.7071689354483909
        ],
        [
          0.0,
          0.0,
          0.0,
          1.0
        ]
      ]
    },
    {
      "file_path": "images/0058.jpg",
      "sharpness": 125.48145290798486,
      "transform_matrix": [
        [
          0.9302123534755734,
          -0.22939610158830537,
          0.2865002723547566,
          1.4333631475965707
        ],
        [
          0.3336541519100539,
          0.203334837927713,
          -0.9205052148679054,
          -3.883080601548504
        ],
        [
          0.1529048213369029,
          0.9518573277033385,
          0.2656835398592308,
          0.913658000716977
        ],
        [
          0.0,
          0.0,
          0.0,
          1.0
        ]
      ]
    },
    {
      "file_path": "images/0051.jpg",
      "sharpness": 98.45531139347287,
      "transform_matrix": [
        [
          0.894945696340646,
          0.07363988628981599,
          -0.4400560961859368,
          -1.726081173559534
        ],
        [
          -0.44343928680977857,
          0.2558560183511402,
          -0.8590106499852326,
          -3.6269395463726815
        ],
        [
          0.049333554034626706,
          0.9639060457640518,
          0.26163206116331533,
          0.8532919727782868
        ],
        [
          0.0,
          0.0,
          0.0,
          1.0
        ]
      ]
    },
    {
      "file_path": "images/0053.jpg",
      "sharpness": 115.90887727477342,
      "transform_matrix": [
        [
          0.989042964166296,
          -0.06905553127168776,
          -0.13048121962856865,
          -0.6954428963534838
        ],
        [
          -0.10831064783020256,
          0.26115171131415577,
          -0.9592020575693136,
          -3.7700960760982416
        ],
        [
          0.10031360148270399,
          0.9628245516804095,
          0.25081081332695815,
          0.7783676526258594
        ],
        [
          0.0,
          0.0,
          0.0,
          1.0
        ]
      ]
    },
    {
      "file_path": "images/0059.jpg",
      "sharpness": 222.75471346207607,
      "transform_matrix": [
        [
          0.9044090947205949,
          -0.2439057580782823,
          0.3500773780248576,
          1.7733403679559914
        ],
        [
          0.39909837227802764,
          0.19345731461926652,
          -0.8962671234995997,
          -3.606292115736061
        ],
        [
          0.15087968273616859,
          0.9503074495331848,
          0.27230694582016907,
          0.9496651084224664
        ],
        [
          0.0,
          0.0,
          0.0,
          1.0
        ]
      ]
    },
    {
      "file_path": "images/0060.jpg",
      "sharpness": 241.78603050248887,
      "transform_matrix": [
        [
          0.8676273580596698,
          -0.2668772456302695,
          0.419522708983703,
          1.896911948644277
        ],
        [
          0.4729113559229886,
          0.18236545486205996,
          -0.8620311423103864,
          -3.1968804155808286
        ],
        [
          0.1535500472585341,
          0.9463188557138885,
          0.2844345378993223,
          0.9323142257446135
        ],
        [
          0.0,
          0.0,
          0.0,
          1.0
        ]
      ]
    },
    {
      "file_path": "images/0061.jpg",
      "sharpness": 192.96979459736062,
      "transform_matrix": [
        [
          0.8515211536062004,
          -0.27144697249669547,
          0.44858473683950806,
          1.8505494701393006
        ],
        [
          0.5035885266126205,
          0.1852093991330475,
          -0.8438578519737912,
          -2.9154892630544484
        ],
        [
          0.1459805495655487,
          0.944464938278291,
          0.29440730214155136,
          0.914112184416448
        ],
        [
          0.0,
          0.0,
          0.0,
          1.0
        ]
      ]
    },
    {
      "file_path": "images/0062.jpg",
      "sharpness": 86.42617294757866,
      "transform_matrix": [
        [
          0.8496576865495238,
          -0.27566584967272234,
          0.4495443860770079,
          1.6631418949121672
        ],
        [
          0.5086337167215206,
          0.20339843267058944,
          -0.8366127059769743,
          -2.732778948410325
        ],
        [
          0.13918892889621218,
          0.9394878482199759,
          0.31303198744292476,
          0.9703015131408673
        ],
        [
          0.0,
          0.0,
          0.0,
          1.0
        ]
      ]
    }
  ]
}